Вишняк 2003 студент ГГТУ ИТП-22 5 6 8 4 7
Федоренко 2002 студент ГГТУ ИТП-22 8 7 7 9 9
Лещун 2002 студент ГГТУ ИТП-22 10 10 10 9 9
Гузов 2003 студент ГГТУ ИТП-21 8 6 10 10 10
Веринский 2002 студент БГТУ ХЗ-21 4 6 5 4 6
Сидоров 1967 преподаватель ГГТУ 540 680 342 690 790 560 340 750 335 413 765 845
Петров 1970 преподаватель ГГТУ 654 234 765 678 978 897 565 555 666 777 888 933
Авакян 1962 доцент ГГТУ 999 999 1343 1000 3131 1333 1222 1111 1212 2121 3211 933
Кравченко 1951 доцент ГГТУ 999 999 1343 1000 3131 1333 1222 1111 1212 2121 3211 2000
Пареченков 1951 слесарь ГГТУ 12 43 33 104 131 133 222 111 122 121 211 200
Гончаров 2010 школьник СШ№5 5 9 10 10 10 10
Паланик 2010 школьник СШ№4 5 2 2 5 6 5
Пушкин 2005 школьник СШ№5 10 2 8 9 10 4
Лимонов 2007 школьник СШ№6 8 1 1 8 8 5
Дерден 2011 школьник СШ№7 4 9 9 9 8 10
